2.290600000000000136e-01
2.085140000000000049e-01
4.613519999999999843e-01
4.110550000000000037e-01
8.285879999999999912e-01
3.804390000000000271e-01
8.307689999999999797e-01
1.044008000000000047e+00
9.873159999999999714e-01
1.003119000000000094e+00
1.077447000000000044e+00
1.571018999999999943e+00
1.930355000000000043e+00
1.672560999999999964e+00
1.417820999999999998e+00
6.902319999999999567e-01
4.718189999999999884e-01
3.428749999999999853e-01
7.916039999999999743e-01
1.533609999999999918e+00
1.904004999999999947e+00
2.160681999999999992e+00
2.077954000000000079e+00
1.843321999999999905e+00
2.128260000000000041e+00
2.045134000000000007e+00
1.791932999999999998e+00
1.111855000000000038e+00
-6.335539999999999505e-01
-8.209180000000000366e-01
-1.140926000000000107e+00
-9.997850000000000348e-01
-4.238350000000000173e-01
-4.003680000000000017e-01
-3.517779999999999796e-01
-6.972070000000000212e-01
-8.809630000000000516e-01
-9.055410000000000403e-01
-9.538410000000000499e-01
-1.041263999999999967e+00
-1.040027000000000035e+00
-4.070259999999999989e-01
-3.415869999999999740e-01
1.939929999999999988e-01
-1.025344999999999951e+00
-1.446433999999999997e+00
-2.104957999999999885e+00
-2.493635999999999964e+00
-2.859869000000000216e+00
-3.099393000000000065e+00
-3.309734999999999872e+00
-3.487223999999999879e+00
-3.597805999999999838e+00
-3.661919000000000146e+00
-3.860907000000000089e+00
-4.003326000000000384e+00
-4.083323000000000036e+00
-4.010911000000000115e+00
-3.858188000000000173e+00
-3.548191999999999791e+00
-3.251942000000000110e+00
-2.675543999999999922e+00
-1.832297000000000065e+00
9.210840000000000138e-01
-9.573439999999999728e-01
-1.858467000000000091e+00
-2.232673999999999825e+00
-2.150752999999999915e+00
-1.808716999999999908e+00
-8.204139999999999766e-01
-1.146165000000000100e+00
-2.493152999999999953e+00
-3.240314000000000139e+00
-3.677735999999999894e+00
-3.898607000000000156e+00
-4.062630000000000408e+00
-4.250173000000000201e+00
-4.353341999999999601e+00
-4.475306999999999924e+00
-4.475501000000000396e+00
-4.439556999999999753e+00
-4.362927000000000000e+00
-4.272164000000000073e+00
-4.107065999999999661e+00
-4.046410999999999980e+00
-4.032770000000000188e+00
-3.901155000000000150e+00
-3.805578000000000127e+00
-3.641608999999999874e+00
-3.300070999999999977e+00
-2.927391000000000076e+00
-2.307770999999999795e+00
-1.162798999999999916e+00
1.112857999999999903e+00
-1.123731999999999953e+00
-2.099254000000000175e+00
-2.413240000000000052e+00
-2.244896999999999920e+00
-1.621158000000000099e+00
1.588503999999999916e+00
3.792641999999999847e+00
4.276024999999999743e+00
4.253973000000000226e+00
3.904450000000000198e+00
3.128216999999999803e+00
2.406585999999999892e+00
1.841364999999999919e+00
2.912567000000000128e+00
5.101121000000000016e+00
5.333114000000000132e+00
4.381179999999999630e+00
3.763055000000000039e+00
2.986978000000000133e+00
2.448631999999999920e+00
1.843631000000000020e+00
1.364197000000000104e+00
9.250399999999999734e-01
4.207049999999999956e-01
3.713045000000000151e+00
4.143857999999999819e+00
3.024027999999999938e+00
5.753430000000000488e-01
-2.026641999999999832e+00
-3.316272000000000109e+00
-3.100515000000000132e+00
-4.286525000000000141e+00
-8.937314000000000647e+00
-4.213605000000000267e+00
-5.152731000000000172e+00
-5.315095999999999599e+00
-5.203904999999999781e+00
-4.977174999999999905e+00
-4.677285999999999611e+00
-4.400623999999999647e+00
-3.949432999999999971e+00
-3.291288999999999909e+00
2.671358999999999817e+00
5.392221000000000153e+00
9.884102999999999639e+00
1.085841699999999932e+01
1.222704000000000057e+01
1.490751599999999932e+01
1.370242400000000060e+01
1.178931099999999965e+01
1.010246000000000066e+01
8.312118999999999147e+00
6.395667000000000435e+00
2.950756999999999852e+00
-2.182024000000000186e+00
-3.321454999999999824e+00
-3.733973999999999904e+00
-3.862576999999999927e+00
-4.430449000000000304e+00
-4.414204999999999934e+00
-4.186924999999999564e+00
-4.088061999999999863e+00
-3.439067999999999792e+00
-2.505787000000000209e+00
2.832066000000000194e+00
5.613343999999999667e+00
6.577564999999999884e+00
6.375498000000000332e+00
5.017788999999999611e+00
3.395834999999999937e+00
-1.492267999999999928e+00
-2.975354999999999972e+00
-3.737986999999999949e+00
-3.866896999999999807e+00
-3.702596000000000220e+00
-3.066098000000000212e+00
-1.063217000000000079e+00
3.484230999999999856e+00
4.706991999999999621e+00
4.436331000000000024e+00
3.402169999999999916e+00
1.204466999999999954e+00
-1.818237000000000103e+00
-1.995227000000000084e+00
-1.204326999999999925e+00
1.414881000000000055e+00
1.221535000000000037e+00
-6.532109999999999861e-01
4.571669999999999900e-01
1.682250000000000134e-01
-4.982130000000000170e-01
-1.439557999999999893e+00
-2.254856000000000193e+00
-2.808504000000000111e+00
-3.300192000000000014e+00
-3.741652000000000200e+00
-3.989816999999999947e+00
-4.147174999999999834e+00
-4.259316000000000102e+00
-4.309957999999999956e+00
-4.314394000000000062e+00
-4.283515999999999657e+00
-4.216959000000000124e+00
-4.144402000000000363e+00
-4.114499000000000350e+00
-3.962632999999999850e+00
-3.703415999999999819e+00
-3.331754000000000104e+00
-2.583496999999999932e+00
-1.062211999999999934e+00
2.767802999999999791e+00
4.264326999999999757e+00
5.241247999999999685e+00
5.822600000000000442e+00
6.328018000000000143e+00
6.249234000000000400e+00
6.139362000000000208e+00
5.643766000000000282e+00
4.896374999999999922e+00
3.901155000000000150e+00
1.928253999999999913e+00
3.040963999999999778e+00
3.755383999999999833e+00
4.001914000000000193e+00
1.958820000000000006e+00
-1.098943999999999921e+00
-1.701524999999999954e+00
-1.423891000000000018e+00
1.153882000000000074e+00
1.837657000000000096e+00
1.212449000000000110e+00
-1.007138000000000089e+00
-2.855389999999999873e-01
-6.950330000000000119e-01
-8.429010000000000113e-01
-1.108719000000000010e+00
-1.015608999999999984e+00
-1.032791999999999932e+00
-9.408670000000000089e-01
1.227290000000000048e-01
7.587829999999999853e-01
1.369567999999999897e+00
1.972946000000000089e+00
2.463452999999999893e+00
2.769734000000000140e+00
2.902759999999999785e+00
2.807541000000000064e+00
2.353866000000000014e+00
1.949459000000000053e+00
9.298300000000000454e-01
-5.538750000000000062e-01
-1.220876000000000072e+00
-2.002308000000000199e+00
-2.684524999999999828e+00
-3.142072999999999894e+00
-3.491330000000000044e+00
-3.851569000000000020e+00
-4.090830999999999662e+00
-4.209200000000000053e+00
-4.417233999999999661e+00
-4.560045999999999822e+00
-4.564919999999999867e+00
-4.310252000000000194e+00
-4.058538000000000423e+00
-3.651604999999999990e+00
-3.373313000000000006e+00
-3.105884999999999785e+00
-2.598173000000000066e+00
-1.723754000000000008e+00
-5.055549999999999766e-01
-1.164670000000000094e+00
-1.823374000000000050e+00
-1.901812999999999976e+00
-1.292111999999999927e+00
-1.199630000000000002e-01
-8.150129999999999875e-01
-2.706910000000000149e-01
-1.442499999999999893e-01
3.068870000000000209e-01
-9.458619999999999806e-01
-1.898833999999999911e+00
-2.610428000000000193e+00
-3.158859999999999779e+00
-3.711717000000000155e+00
-4.105116999999999905e+00
-4.284087999999999674e+00
-4.453059999999999796e+00
-4.510227999999999682e+00
-4.523112000000000243e+00
-4.459497999999999962e+00
-4.420683000000000362e+00
-4.472190000000000332e+00
-4.473482999999999876e+00
-4.409512000000000320e+00
-4.178626999999999647e+00
-4.068524000000000029e+00
-3.805801000000000212e+00
-3.262976999999999794e+00
-1.777798999999999907e+00
1.766442999999999985e+00
4.198262999999999856e+00
5.651073000000000235e+00
5.961892999999999887e+00
5.229452000000000211e+00
3.601750000000000007e+00
1.365539999999999976e+00
-1.254050000000000109e+00
1.156468999999999969e+00
2.716527000000000136e+00
2.939353000000000105e+00
2.453135000000000066e+00
9.732680000000000220e-01
-1.712968999999999964e+00
-2.026402000000000037e+00
-1.793352000000000057e+00
-1.628201999999999927e+00
-1.460509000000000057e+00
-1.325782999999999934e+00
-1.688449000000000089e+00
-1.960631999999999930e+00
-2.052414999999999878e+00
-2.066586000000000034e+00
-1.830087000000000019e+00
-1.537387000000000059e+00
-1.028894999999999893e+00
-4.700550000000000006e-01
-8.694790000000000019e-01
-7.170680000000000387e-01
-2.943709999999999938e-01
-7.357789999999999608e-01
-9.565749999999999531e-01
-1.296515000000000084e+00
-1.565935000000000077e+00
-1.766502000000000017e+00
-1.896298000000000039e+00
-2.017408000000000090e+00
-2.165223000000000120e+00
-2.638285000000000213e+00
-2.814239000000000157e+00
-3.131942000000000004e+00
-3.604743000000000031e+00
-3.801947000000000187e+00
-3.647606000000000126e+00
-3.701557000000000208e+00
-3.463297999999999988e+00
-2.860920999999999825e+00
-1.918269999999999920e+00
1.545849999999999946e+00
3.619667000000000190e+00
4.577297999999999867e+00
5.417169000000000345e+00
5.501365999999999978e+00
5.072957999999999856e+00
3.999893000000000143e+00
2.365756999999999888e+00
-1.897337000000000051e+00
-2.235948000000000047e+00
-1.670301999999999953e+00
1.349269999999999969e+00
3.126001000000000030e+00
3.525414000000000048e+00
2.618587000000000220e+00
7.474309999999999565e-01
-1.051482999999999945e+00
1.164686000000000110e+00
1.289376999999999995e+00
5.377450000000000285e-01
8.532659999999999689e-01
6.084819999999999673e-01
7.520620000000000083e-01
6.461390000000000189e-01
9.387469999999999981e-01
9.339960000000000484e-01
8.225829999999999531e-01
9.611629999999999896e-01
1.725343000000000071e+00
2.150526000000000160e+00
2.121976999999999780e+00
1.828665999999999903e+00
9.890060000000000517e-01
6.843169999999999531e-01
8.900740000000000318e-01
2.642070000000000252e-01
3.350710000000000077e-01
1.055129999999999901e+00
1.921648999999999941e+00
2.286735000000000184e+00
2.229369999999999852e+00
1.837587000000000081e+00
1.871035999999999921e+00
2.132306999999999952e+00
1.802067000000000085e+00
1.617855000000000043e+00
3.448439999999999839e-01
-8.439999999999999725e-01
-9.206170000000000186e-01
-1.002132999999999940e+00
-6.900039999999999507e-01
-6.105829999999999869e-01
-3.852990000000000026e-01
-4.670400000000000107e-01
