1.297763000000000000e+00
8.241880000000000317e-01
-3.491500000000000159e-02
3.753250000000000197e-01
3.875529999999999808e-01
8.236679999999999557e-01
8.228269999999999751e-01
1.656257000000000090e+00
7.773520000000000429e-01
7.647150000000000336e-01
3.646840000000000082e-01
7.742620000000000058e-01
1.756443999999999894e+00
9.388239999999999919e-01
4.961809999999999832e-01
7.331000000000000016e-02
-7.981470000000000509e-01
-3.416500000000000092e-01
-3.705669999999999797e-01
-3.269549999999999956e-01
-1.602757999999999905e+00
-2.052795999999999843e+00
-2.543735999999999997e+00
-3.500491999999999937e+00
-3.049465999999999788e+00
-1.704061000000000048e+00
-5.478389999999999649e-01
-1.698139999999999927e-01
-1.702169999999999961e+00
-1.211869000000000085e+00
-7.135040000000000271e-01
1.711489999999999956e-01
-1.305147000000000057e+00
-1.744378999999999902e+00
-2.153894999999999893e+00
-2.560598000000000152e+00
-2.178195000000000103e+00
-1.059193000000000051e+00
5.085570000000000368e-01
4.063700000000000090e-01
-4.090280000000000027e-01
-1.355531000000000041e+00
-1.796423000000000103e+00
-1.784961999999999938e+00
-1.284308000000000005e+00
-1.983989999999999920e-01
3.630639999999999978e-01
1.694020999999999999e+00
2.249407000000000156e+00
3.453581999999999930e+00
3.020045999999999786e+00
2.614577999999999847e+00
2.104581000000000035e+00
3.315981999999999985e+00
4.456363999999999770e+00
4.809912999999999883e+00
3.470502999999999894e+00
2.569157000000000135e+00
1.711063000000000001e+00
3.753049999999999997e-01
1.039674999999999905e+00
1.525460999999999956e+00
1.961251000000000078e+00
3.753058999999999923e+00
1.558111000000000024e+00
1.065541000000000071e+00
5.665639999999999565e-01
-1.845890000000000031e-01
-1.231670999999999960e+00
-1.885485999999999995e+00
-2.506158000000000108e+00
-3.078917999999999822e+00
-2.993447000000000191e+00
-3.625411000000000161e+00
-4.555717999999999712e+00
-3.523158000000000012e+00
-2.138440000000000119e+00
-1.092526000000000108e+00
-3.916200000000000236e-01
6.226770000000000360e-01
1.614217000000000013e+00
5.783157000000000103e+00
1.061909799999999926e+01
1.812590000000000146e+01
2.922315199999999891e+01
1.201977389999999986e+02
-1.468012850000000071e+02
-7.880800600000000600e+01
-3.918570700000000073e+01
-3.763856899999999683e+01
-4.274294299999999680e+01
-1.513073880000000031e+02
6.810474850000000515e+02
3.377573799999999693e+01
1.639140999999999959e+00
-1.475846999999999909e+00
-2.040509000000000128e+00
-3.062406999999999879e+00
-4.420601999999999698e+00
-5.523560999999999943e+00
-2.866557999999999939e+00
-2.199628999999999834e+00
-6.919279999999999875e-01
-9.561699999999999366e-02
3.313112999999999975e+00
4.082995000000000374e+00
6.038465999999999667e+00
7.274028999999999634e+00
8.151310000000000500e+00
-4.948155999999999999e+00
8.411865000000000592e+00
4.769411999999999985e+00
3.850213999999999803e+00
3.016065999999999914e+00
1.579968000000000039e+00
9.445459999999999967e-01
4.214080000000000048e-01
-1.219111000000000056e+00
-2.727920999999999818e+00
2.395817999999999781e+00
2.971870000000000012e+00
3.558682999999999819e+00
3.719125000000000014e+00
2.572468999999999895e+00
3.711260000000000114e-01
-1.073954999999999993e+00
1.270823999999999954e+00
7.530689999999999884e-01
-1.724880000000000024e-01
-5.921399999999999997e-01
-1.766959999999999920e-01
-1.426989999999999925e-01
-1.490704000000000029e+00
-2.413790999999999798e+00
-2.696861000000000175e+00
-1.475923000000000096e+00
4.175159999999999982e-01
1.036813999999999902e+00
2.114049000000000067e+00
2.794366999999999823e+00
3.586999000000000049e+00
4.117802000000000184e+00
6.471579000000000192e+00
5.950853000000000392e+00
4.876443000000000083e+00
3.923321000000000058e+00
3.492957999999999785e+00
-3.369150000000000200e-01
-9.749520000000000408e-01
-8.009000000000000494e-03
1.264740999999999893e+00
1.713400999999999952e+00
2.191758999999999791e+00
1.645226000000000077e+00
1.214371000000000089e+00
8.092209999999999681e-01
-2.090700000000000058e-01
-6.659869999999999957e-01
-1.116977000000000109e+00
-6.394130000000000091e-01
2.599270000000000191e-01
-5.886329999999999618e-01
1.536308999999999925e+00
2.005155999999999938e+00
2.540589999999999904e+00
2.568579999999999863e+00
1.527368999999999977e+00
1.103777000000000008e+00
1.419259999999999966e-01
-1.125947000000000031e+00
-2.918670999999999793e+00
-3.811094999999999899e+00
-3.386495000000000033e+00
-2.727389000000000063e+00
-1.555137999999999909e+00
-1.033247999999999944e+00
-6.130929999999999991e-01
-8.464900000000000202e-02
5.673899999999999777e-02
-1.022793000000000063e+00
3.533649999999999847e-01
-5.126570000000000293e-01
-2.199900000000000119e-02
-4.650940000000000074e-01
-4.927499999999999936e-02
-0.000000000000000000e+00
-4.401050000000000240e-01
-3.277067000000000174e+00
-3.724717000000000056e+00
-4.208800000000000097e+00
-2.811452000000000062e+00
-1.424525000000000041e+00
-5.780589999999999895e-01
-1.727869999999999961e-01
1.727584000000000009e+00
2.869044999999999845e+00
3.405244999999999855e+00
4.526698999999999806e+00
5.040582999999999814e+00
5.499511000000000038e+00
6.100509999999999877e+00
6.528679999999999595e+00
5.769612000000000407e+00
2.419465999999999894e+00
1.814985999999999988e+00
-1.347950999999999899e+00
-1.346039999999999903e+00
-7.078710000000000280e-01
1.667000000000000079e-02
1.342978000000000005e+00
1.826993000000000089e+00
3.320183999999999802e+00
4.729722999999999900e+00
3.413736000000000104e+00
2.270726999999999940e+00
1.706331000000000042e+00
-8.473899999999999488e-02
-1.073482999999999965e+00
-1.493884999999999907e+00
-1.070662000000000003e+00
-6.398169999999999691e-01
-1.609456999999999915e+00
-2.554895999999999834e+00
-2.140553000000000150e+00
-3.022589999999999999e-01
-2.542876999999999832e+00
-3.538574000000000108e+00
-1.429516000000000009e+00
-6.822230000000000238e-01
1.044952000000000103e+00
2.335167000000000215e+00
2.991371000000000002e+00
3.586523000000000128e+00
4.652881999999999962e+00
5.163924999999999876e+00
5.198258000000000045e+00
4.219731000000000343e+00
3.657332999999999945e+00
1.767131999999999925e+00
9.545529999999999848e-01
4.558809999999999807e-01
-4.403569999999999984e-01
-1.557957000000000036e+00
-2.150872999999999813e+00
-1.257724999999999982e+00
-6.773940000000000516e-01
1.113250000000000073e+00
2.166364000000000178e+00
2.803955000000000197e+00
2.280263999999999847e+00
4.962369999999999837e-01
-4.001000000000000216e-03
-5.392019999999999591e-01
7.488820000000000476e-01
1.639289999999999914e+00
7.094749999999999668e-01
